#pattern name	sequence name	start	stop	strand	score	p-value	q-value	matched sequence
1	10551	6	14	+	9.625	1.19e-06	0.166	RLQQVQGQL
1	16092	8	16	+	8.8375	1.81e-06	0.166	RLRSVAAHL
1	9211	4	12	+	8.7125	1.94e-06	0.166	RSQVVLRLL
1	12390	5	13	+	8.3625	2.3e-06	0.166	RLQPLLRPL
1	9739	7	15	+	8.275	2.4e-06	0.166	AHQQVLDHL
1	15654	9	17	+	7.5375	3.44e-06	0.186	RLRLIARHL
1	14093	2	10	+	7.175	4.04e-06	0.186	RLQVAERAL
1	9984	11	19	+	7.05	4.3e-06	0.186	GLQSLEAHL
1	11514	18	26	+	6.35	5.64e-06	0.209	QQQQLMDHL
1	14813	28	36	+	6.1125	6.14e-06	0.209	RLRHLSGIL
1	16125	8	16	+	5.825	6.9e-06	0.209	RLRITSGSL
1	15002	34	42	+	5.675	7.24e-06	0.209	KQRVLGKHL
1	15635	28	36	+	4.875	9.08e-06	0.241	RLQNIEKEL
1	16379	28	36	+	3.975	1.12e-05	0.266	RQRSLKVHP
1	9596	3	11	+	3.8625	1.16e-05	0.266	QQRSVHDHL
1	13976	10	18	+	2.9625	1.38e-05	0.266	LLQRNLGHL
1	9259	5	13	+	2.75	1.44e-05	0.266	SQRSLLRHV
1	14887	6	14	+	2.7375	1.45e-05	0.266	MHRSLEDHL
1	12533	14	22	+	2.675	1.46e-05	0.266	RLRSIVDEL
1	10773	34	42	+	2.2375	1.58e-05	0.266	RLFVLPHHL
1	11545	27	35	+	2.1375	1.62e-05	0.266	RDQQDLNHL
1	10183	18	26	+	1.7875	1.74e-05	0.273	RKRSVSRLL
1	12272	11	19	+	1.1	2.05e-05	0.296	RLSNIAGHL
1	13773	7	15	+	0.8875	2.17e-05	0.296	RLRVLQLHG
1	16338	38	46	+	0.8	2.24e-05	0.296	FQQVWLGHS
1	16296	38	46	+	0.8	2.24e-05	0.296	FQQVWLGHS
1	14526	42	50	+	0.7	2.31e-05	0.296	RLYNILAHL
1	9383	17	25	+	0.575	2.43e-05	0.299	RLAQLTQHL
1	12684	22	30	+	0.4875	2.51e-05	0.299	RQLYVLGHE
1	14731	19	27	+	0.15	2.78e-05	0.321	RLGDVLRHS
1	9623	38	46	+	-0.1875	3.14e-05	0.34	EERPLLGHL
1	14691	38	46	+	-0.225	3.19e-05	0.34	RLLLLLGLL
1	16536	16	24	+	-0.275	3.25e-05	0.34	RLASLPLHL
1	11044	14	22	+	-0.6625	3.91e-05	0.377	RMQQLAGVL
1	9040	11	19	+	-0.7375	4.02e-05	0.377	RLQVSLDRI
1	12722	33	41	+	-0.75	4.03e-05	0.377	RLVIPSGHI
1	12725	33	41	+	-0.75	4.03e-05	0.377	RLVIPSGHI
1	14251	18	26	+	-1.1125	4.6e-05	0.415	RLRRVSLHR
1	9031	8	16	+	-1.1625	4.69e-05	0.415	PLLTLLDHL
1	11683	3	11	+	-1.375	5.13e-05	0.417	VLHVLLGCL
1	16083	4	12	+	-1.375	5.13e-05	0.417	SLPVLLGIL
1	10433	12	20	+	-1.375	5.13e-05	0.417	HLSVLLGLL
1	9018	7	15	+	-1.4	5.19e-05	0.417	RRQELLDGL
1	15946	36	44	+	-1.5	5.39e-05	0.421	RLQRLSEEL
1	10744	42	50	+	-1.525	5.5e-05	0.421	RSRPLLDHF
1	9194	10	18	+	-1.55	5.61e-05	0.421	RLLVQLRDL
1	11063	37	45	+	-1.675	5.97e-05	0.426	PLQVIESHD
1	8954	27	35	+	-1.7125	6.09e-05	0.426	TRQDVERHL
1	16648	10	18	+	-1.725	6.13e-05	0.426	RLRVLLTND
1	14551	9	17	+	-1.7375	6.17e-05	0.426	RERVLLGSC
1	11515	4	12	+	-1.8	6.31e-05	0.426	RAVVILDHV
1	13252	3	11	+	-1.85	6.41e-05	0.426	LLRSRLSHL
1	8756	36	44	+	-1.925	6.63e-05	0.432	RVQVLLKLE
1	10558	7	15	+	-1.975	6.75e-05	0.432	RLSAVSGQL
1	10779	41	49	+	-2.1125	7.12e-05	0.443	RLSRVSRHF
1	12560	24	32	+	-2.175	7.3e-05	0.443	QLEQELKHL
1	12694	12	20	+	-2.2125	7.4e-05	0.443	RLLVVLRLR
1	11985	5	13	+	-2.225	7.46e-05	0.443	SVQHLERHL
1	16418	38	46	+	-2.3125	7.68e-05	0.443	RLSVLIKEL
1	9083	26	34	+	-2.3375	7.78e-05	0.443	DQRVLLSHQ
1	12393	24	32	+	-2.35	7.81e-05	0.443	TVRPLLRHL
1	11481	13	21	+	-2.475	8.27e-05	0.461	TRQVLKRHR
1	14870	22	30	+	-2.575	8.71e-05	0.476	RLIIAKDHA
1	14301	9	17	+	-2.6375	8.91e-05	0.476	RLAVLSAFL
1	11204	21	29	+	-2.65	8.95e-05	0.476	AQTQLLPHL
1	14648	38	46	+	-2.675	9.1e-05	0.476	RRRILLSGL
1	11426	13	21	+	-2.7375	9.33e-05	0.48	ALQVLLRRP
1	14402	28	36	+	-2.825	9.65e-05	0.48	RKQAVKDLL
1	11183	39	47	+	-2.825	9.65e-05	0.48	RIQQLNRYL
1	10699	35	43	+	-2.85	9.73e-05	0.48	RLRILLFAA
1	12414	36	44	+	-2.9125	9.99e-05	0.487	LDQSLLGEL
