#pattern name	sequence name	start	stop	strand	score	p-value	q-value	matched sequence
1	13926	1	8	+	12.9595	4.29e-06	0.0336	IKKDKAKL
1	13437	1	8	+	12.5676	8.1e-06	0.0336	VKKQKSKL
1	15900	1	8	+	11.9865	1.89e-05	0.0448	VKQQKAKL
1	14802	1	8	+	11.7297	2.66e-05	0.0448	EDMTKSKL
1	15992	1	8	+	11.7162	2.7e-05	0.0448	KGFAKAKL
1	15449	1	8	+	11.3649	4.18e-05	0.052	ALSGKSKL
1	15684	1	8	+	11.3243	4.39e-05	0.052	SSPRKAKL
1	12555	1	8	+	11.1081	5.64e-05	0.0552	EGKARAKL
1	11130	1	8	+	11.0541	5.99e-05	0.0552	KRKRPSRL
1	16481	1	8	+	10.9324	6.86e-05	0.0569	ESSGKAKL
1	10991	1	8	+	10.7162	8.63e-05	0.0651	AQTVKAKL
1	9457	1	8	+	10.5676	0.0001	0.0694	APSQPAKL
1	16635	1	8	+	10.3784	0.000121	0.0726	EEKPRAKL
1	16515	1	8	+	10.3649	0.000123	0.0726	SQPRKARL
1	8782	1	8	+	10.1892	0.000145	0.0773	LKNAQSKL
1	11907	1	8	+	10.0676	0.000162	0.0773	PLPGPAKL
1	14245	1	8	+	10.0541	0.000164	0.0773	PSADKAKL
1	8888	1	8	+	10.027	0.000168	0.0773	LPTATARL
1	10570	1	8	+	9.7973	0.000205	0.0829	TREPKAKL
1	12399	1	8	+	9.72973	0.000217	0.0829	PEAASSKL
1	13802	1	8	+	9.7027	0.000222	0.0829	TRFAIAKL
1	14934	1	8	+	9.67568	0.000227	0.0829	PRQKRARL
1	11263	1	8	+	9.66216	0.00023	0.0829	VNFIKAHL
1	8548	1	8	+	9.36486	0.000292	0.098	FLARQSKL
1	14567	1	8	+	9.28378	0.000311	0.098	AASSRAKL
1	9300	1	8	+	9.27027	0.000314	0.098	AYKSKAKL
1	11237	1	8	+	9.22973	0.000324	0.098	WETVKAKL
1	10727	2	9	+	9.2027	0.000331	0.098	QLRPKKKL
1	14040	1	8	+	9.10811	0.000355	0.102	ALQLESKL
1	15693	1	8	+	8.95946	0.000396	0.109	AEKQKAKL
1	16101	1	8	+	8.89189	0.000416	0.111	ESKGLSKL
1	12265	1	8	+	8.78378	0.000449	0.114	KVKRESKL
1	13626	1	8	+	8.77027	0.000453	0.114	EATLPAKL
1	8416	1	8	+	8.54054	0.00053	0.126	GDTPFSRL
1	13228	1	8	+	8.51351	0.000539	0.126	GEAPTSKL
1	15276	1	8	+	8.45946	0.000559	0.126	DVPEKSKL
1	10360	1	8	+	8.40541	0.000579	0.126	WSLRPARL
1	12820	1	8	+	8.37838	0.000589	0.126	AKDEPSKL
1	15540	1	8	+	8.35135	0.000599	0.126	SDLFPAKL
1	9163	1	8	+	8.32432	0.00061	0.126	VSGGRSKL
1	13803	1	8	+	8.10811	0.000698	0.139	FSIRKPRL
1	14553	1	8	+	8.08108	0.00071	0.139	PTFARAKL
1	14499	1	8	+	8.02703	0.000734	0.139	KFEDSSKL
1	15966	1	8	+	8.01351	0.00074	0.139	ETPLKAKL
1	11833	1	8	+	7.93243	0.000777	0.14	ASNQPAKL
1	12784	1	8	+	7.93243	0.000777	0.14	KDVPDAKL
1	10338	1	8	+	7.85135	0.000815	0.144	ADQEFAKL
1	14950	1	8	+	7.7973	0.000842	0.144	PVRALAKL
1	14262	1	8	+	7.77027	0.000855	0.144	ESRPPPHL
1	15783	1	8	+	7.7027	0.000889	0.144	VEEAKAKL
1	12434	1	8	+	7.68919	0.000896	0.144	VPVSVSKM
1	12742	1	8	+	7.67568	0.000903	0.144	GVRAWSKL
